0,1,2,3
0.4644954774520133,0.4503940485030688,0.00107202011932545,0.08403845392559248
0.6084514131948935,0.3915485868051065,0.0,0.0
0.7198204751968729,0.2801795248031271,0.0,0.0
0.7136622171526128,0.16936332707435442,0.0,0.11697445577303284
0.5280312131876524,0.39517514810067594,0.0,0.07679363871167168
0.5215159064215631,0.14080957125897275,0.0,0.3376745223194641
0.47332486259772943,0.05740056050343494,0.13367777595718508,0.3355968009416505
0.4686311942508042,0.45284334714374447,0.0,0.07852545860545136
0.5654360550869112,0.20409042749936135,0.006389745844321318,0.22408377156940612
0.3812185494884152,0.13356494447609907,0.4106091742305382,0.07460733180494747
0.4552313918680545,0.4359436075079103,0.0,0.10882500062403519
0.5190661068596936,0.25796900914711685,0.0,0.22296488399318962
0.41908842138651803,0.27996254743176313,0.0,0.30094903118171884
0.5533600665607131,0.3815995608466863,0.0,0.06504037259260054
0.5764865272281265,0.049890134374314964,0.002899973561478752,0.37072336483607987
0.526642773189672,0.3496475804829931,0.0035217234359176328,0.12018792289141718
0.5516384600043213,0.3126691452869512,0.0,0.1356923947087276
0.47832447900366337,0.2750607238211024,0.0,0.24661479717523427
0.5078409825506176,0.1571520379663205,0.0,0.3350069794830619
0.6935878320854654,0.0,0.0,0.30641216791453474
0.579264566631541,0.23314592983237425,0.0,0.18758950353608472
0.42609505293277977,0.0,0.3376388246606845,0.23626612240653572
0.6126935869111765,0.1232592698470809,0.002167387730766456,0.26187975551097614
0.6185922691760654,0.22105686434371205,0.005619733435268714,0.15473113304495406
0.6003972183646582,0.03848061831861435,0.0018031835679307561,0.3593189797487968
0.5865897140693811,0.3081509835144298,0.0,0.10525930241618903
0.5107760118252699,0.17989367079576732,0.0006805998345542499,0.3086497175444085
0.5965531316309473,0.15150839590499762,0.0021822200325967395,0.24975625243145827
0.5187373890170063,0.46439235733058454,0.0,0.016870253652409222
0.4212519879973188,0.4598854255053834,0.0,0.1188625864972977
0.5872683821465617,0.18018005476821009,0.0,0.23255156308522817
0.5142827741804478,0.11430314666939102,0.0017687256581453386,0.3696453534920159
0.25556331491333595,0.2640827546782774,0.40472146532443337,0.07563246508395326
0.6565069634568363,0.11304235610754741,0.0036338510696880054,0.22681682936592829
0.5648486894181606,0.2352584493018292,0.0003682852584610824,0.19952457602154902
0.46744105944257996,0.3411028412740398,0.000291656239894085,0.19116444304348612
0.6435875462880775,0.1289053666183311,7.616357169531462e-05,0.2274309235218961
0.5972383674451676,0.16870338900579188,0.0014647539827818497,0.23259348956625883
0.5519147561428964,0.2284895216966848,0.0,0.21959572216041884
0.6175563037124627,0.38133748627612013,0.0011062100114172092,0.0
0.47778210065945814,0.0,0.0,0.5222178993405417
0.5533696151757088,0.4374397779470376,0.0016929052122426102,0.0074977016650108405
0.45778346696592687,0.3992646596826754,0.004047531166330667,0.13890434218506714
0.5558133993287963,0.27240464454947516,0.0017219466968266212,0.17006000942490193
0.5734496810636464,0.18035713721661986,0.0,0.24619318171973395
0.5064677113570171,0.12490814274245157,0.0,0.36862414590053133
0.47954118162359344,0.24649035285243437,0.0,0.2739684655239723
0.36350823117132436,0.2757285933701678,0.36076317545850783,0.0
0.6013757263179013,0.1365001489304626,0.0,0.262124124751636
0.49636197991648984,0.11858290236467034,0.007726205246379203,0.3773289124724606
0.45557437355148345,0.32364970066708487,0.0,0.2207759257814317
0.5698395614351672,0.09023026915405781,0.0025886869864782834,0.33734148242429657
0.6986136042719329,0.15052966653787503,0.0,0.15085672919019213
0.23511125894705223,0.0008058329649358987,0.5192483166015976,0.24483459148641423
0.6654585044189432,0.3046263374412219,0.004064363551915164,0.02585079458791979
0.5704184920946727,0.2692922622729985,0.002886382528576077,0.1574028631037527
0.6536693305864056,0.0988551795856774,0.0009820453426956424,0.24649344448522115
0.6858125518804892,0.000691575332034707,0.0005612174088265512,0.3129346553786495
0.5322185486326854,0.0024018841394934046,0.002735613766077506,0.46264395346174375
0.3312972601193616,0.0,0.5401689649654365,0.12853377491520185
0.5714288762729063,0.1854375798759457,0.0,0.24313354385114805
0.5005701749057422,0.05228939106926501,0.0,0.4471404340249928
0.5812995740619565,0.03889933715901283,0.0,0.3798010887790307
0.6047994734460898,0.22757464653208148,0.0,0.16762588002182877
0.5375801684371057,0.22440730791383479,0.0026256573645616174,0.23538686628449798
0.618234819014126,0.08885799623699259,0.0,0.2929071847488814
0.4982336002434221,0.38367601750202573,0.0,0.1180903822545521
0.5326766627865901,0.05389987177769273,0.001611343202118124,0.4118121222335989
0.221068850970076,0.1366522796304239,0.639150115435615,0.0031287539638851073
0.5933620960600833,0.009758423640959527,0.0,0.39687948029895714
0.4877812363392983,0.31141604239788295,0.0,0.20080272126281878
0.6855746600192114,0.22267390198578255,0.002005633374629144,0.08974580462037687
0.479645035415246,0.18270020123585032,0.0,0.3376547633489036
0.20451409802003326,0.19174795509213802,0.5949019265454573,0.008836020342371572
0.5330273122757255,0.4292835283324709,0.0,0.037689159391803624
0.45920895557574026,0.406696000597159,0.0,0.13409504382710077
0.45471012887707873,0.31149274599681653,0.0,0.23379712512610462
0.4948261029337462,0.2933132826027331,0.0,0.2118606144635208
0.5189723921063872,0.03586018984929841,0.0,0.4451674180443144
0.588824813878532,0.29380847226745993,0.0026648108102354058,0.11470190304377255
0.6617796510765865,0.13079599504502576,0.0,0.2074243538783877
0.59471512530767,0.2793867572821986,0.0030338850960534695,0.12286423231407782
0.6155164655486328,0.2635124352370354,0.0,0.12097109921433173
0.5880171840600397,0.12040254707872422,0.0009361964662507259,0.29064407239498535
0.44747055962433524,0.4313476912576939,0.0,0.12118174911797096
0.49925782459816026,0.40469560095931384,0.0,0.09604657444252589
0.5638519136698433,0.30956492180532263,0.012614606082114406,0.1139685584427196
0.5576102730972036,0.3935385850428872,0.0,0.04885114185990933
0.8334357224889538,0.09703906156618239,0.0,0.06952521594486387
0.5806079893059148,0.2070119666264444,0.0,0.21238004406764077
0.5437722772826497,0.35393771517120387,0.004841143712820474,0.09744886383332602
0.4659984196782603,0.18927820299435322,0.0,0.34472337732738656
0.5427832183496369,0.0075613896783022815,0.0,0.44965539197206084
0.5959821094364443,0.01329595683560611,0.00032229711480842734,0.39039963661314114
0.4424124101671014,0.24898031581834376,0.0036231629215732254,0.3049841110929817
0.4154650564963913,0.2851236387970532,0.0,0.2994113047065556
0.3498288028903816,0.16881933890016604,0.0031860866376013197,0.47816577157185103
0.6851538934993257,0.10931774480807248,0.0,0.20552836169260189
0.5020305171731239,0.15574169943013624,0.0,0.3422277833967399
0.4659643249515821,0.23915051079979022,0.24145132843022998,0.05343383581839783
